translation_x=-2880.3624452797985
translation_y=-785.5523064078155
scale=2.0951023639295836
degree=9.55133147506146
