translation_x=1011.3219230717305
translation_y=595.6041575002223
scale=0.45082584080706756
degree=1.6647520404689993
