translation_x=-840.8656057244461
translation_y=-718.1816464433734
scale=1.9635397309652103
degree=0.19659216849708513
