translation_x=-1902.1361075769064
translation_y=-1066.693477823166
scale=1.753823264242015
degree=-1.6736509134364654
