translation_x=-1928.6226008467984
translation_y=-1044.2052009448814
scale=1.753666157204454
degree=-1.1730597052269707
