translation_x=-764.8932178875267
translation_y=-713.3610459581183
scale=1.9335031260399236
degree=-0.6305061269798841
