translation_x=-216.1155427630869
translation_y=-778.3960334906569
scale=1.7842593942135607
degree=0.44420641034429464
