translation_x=1103.4133584274027
translation_y=577.618309805397
scale=0.568999877322411
degree=1.6736509134364654
