translation_x=-892.2592979661672
translation_y=-945.3829334147819
scale=2.084656010958939
degree=-1.8227873437190085
