translation_x=273.7731374559125
translation_y=404.34987948456563
scale=0.37968011447437605
degree=-5.533845328378204
