translation_x=1103.7524697555277
translation_y=577.618309805397
scale=0.568999877322411
degree=1.6736509134364654
