translation_x=200.0714460801218
translation_y=557.128005911521
scale=0.489729389148652
degree=3.6012124748341074
