translation_x=1240.9245557712109
translation_y=564.8938432823253
scale=0.5470450208346145
degree=0.4013842663634412
