translation_x=1094.023836564143
translation_y=545.6373409679323
scale=0.5849687484521053
degree=0.8079845696460239
